100	1	1	|
100	1	2	 
100	1	3	C
100	1	4	H
100	1	5	A
100	1	6	P
100	1	7	T
100	1	8	E
100	1	9	R
100	1	10	 
100	1	11	2
100	1	12	 
100	1	13	|
100	2	1	W
100	2	2	e
100	2	3	 
100	2	4	h
100	2	5	a
100	2	6	v
100	2	7	e
100	2	8	 
100	2	9	j
100	2	10	u
100	2	11	s
100	2	12	t
100	2	13	 
100	2	14	s
100	2	15	e
100	2	16	e
100	2	17	n
100	2	18	 
100	2	19	t
100	2	20	h
100	2	21	a
100	2	22	t
100	2	23	 
100	2	24	w
100	2	25	o
100	2	26	m
100	2	27	e
100	2	28	n
100	2	29	'
100	2	30	s
100	2	31	 
100	2	32	f
100	2	33	a
100	2	34	t
100	2	35	e
100	2	36	 
100	2	37	i
100	2	38	s
100	2	39	 
100	2	40	v
100	2	41	e
100	2	42	r
100	2	43	y
100	2	44	 
100	2	45	h
100	2	46	a
100	2	47	r
100	2	48	s
100	2	49	h
100	2	50	 
100	2	51	i
100	2	52	n
100	2	53	 
100	2	54	p
100	2	55	r
100	2	56	i
100	2	57	m
100	2	58	i
100	2	59	t
100	2	60	i
100	2	61	v
100	2	62	e
100	2	63	 
100	2	64	h
100	2	65	o
100	2	66	r
100	2	67	d
100	2	68	e
100	2	69	s
100	2	70	;
100	3	1	i
100	3	2	n
100	3	3	 
100	3	4	f
100	3	5	e
100	3	6	m
100	3	7	a
100	3	8	l
100	3	9	e
100	3	10	 
100	3	11	a
100	3	12	n
100	3	13	i
100	3	14	m
100	3	15	a
100	3	16	l
100	3	17	s
100	3	18	 
100	3	19	t
100	3	20	h
100	3	21	e
100	3	22	 
100	3	23	r
100	3	24	e
100	3	25	p
100	3	26	r
100	3	27	o
100	3	28	d
100	3	29	u
100	3	30	c
100	3	31	t
100	3	32	i
100	3	33	v
100	3	34	e
100	3	35	 
100	3	36	f
100	3	37	u
100	3	38	n
100	3	39	c
100	3	40	t
100	3	41	i
100	3	42	o
100	3	43	n
100	3	44	 
100	3	45	i
100	3	46	s
100	3	47	 
100	3	48	l
100	3	49	i
100	3	50	m
100	3	51	i
100	3	52	t
100	3	53	e
100	3	54	d
100	3	55	 
100	3	56	n
100	3	57	a
100	3	58	t
100	3	59	u
100	3	60	r
100	3	61	a
100	3	62	l
100	3	63	l
100	3	64	y
100	3	65	,
100	3	66	 
100	3	67	a
100	3	68	n
100	3	69	d
100	4	1	w
100	4	2	h
100	4	3	e
100	4	4	n
100	4	5	 
100	4	6	i
100	4	7	t
100	4	8	 
100	4	9	o
100	4	10	c
100	4	11	c
100	4	12	u
100	4	13	r
100	4	14	s
100	4	15	,
100	4	16	 
100	4	17	t
100	4	18	h
100	4	19	e
100	4	20	 
100	4	21	p
100	4	22	a
100	4	23	r
100	4	24	t
100	4	25	i
100	4	26	c
100	4	27	u
100	4	28	l
100	4	29	a
100	4	30	r
100	4	31	 
100	4	32	a
100	4	33	n
100	4	34	i
100	4	35	m
100	4	36	a
100	4	37	l
100	4	38	 
100	4	39	i
100	4	40	s
100	4	41	 
100	4	42	m
100	4	43	o
100	4	44	r
100	4	45	e
100	4	46	 
100	4	47	o
100	4	48	r
100	4	49	 
100	4	50	l
100	4	51	e
100	4	52	s
100	4	53	s
100	4	54	 
100	4	55	r
100	4	56	e
100	4	57	l
100	4	58	e
100	4	59	a
100	4	60	s
100	4	61	e
100	4	62	d
100	4	63	 
100	4	64	f
100	4	65	r
100	4	66	o
100	4	67	m
100	5	1	o
100	5	2	t
100	5	3	h
100	5	4	e
100	5	5	r
100	5	6	 
100	5	7	t
100	5	8	o
100	5	9	i
100	5	10	l
100	5	11	;
100	5	12	 
100	5	13	o
100	5	14	n
100	5	15	l
100	5	16	y
100	5	17	 
100	5	18	d
100	5	19	o
100	5	20	m
100	5	21	e
100	5	22	s
100	5	23	t
100	5	24	i
100	5	25	c
100	5	26	 
100	5	27	f
100	5	28	e
100	5	29	m
100	5	30	a
100	5	31	l
100	5	32	e
100	5	33	s
100	5	34	 
100	5	35	a
100	5	36	r
100	5	37	e
100	5	38	 
100	5	39	s
100	5	40	o
100	5	41	m
100	5	42	e
100	5	43	t
100	5	44	i
100	5	45	m
100	5	46	e
100	5	47	s
100	5	48	 
100	5	49	e
100	5	50	x
100	5	51	p
100	5	52	l
100	5	53	o
100	5	54	i
100	5	55	t
100	5	56	e
100	5	57	d
100	5	58	 
100	5	59	t
100	5	60	o
100	5	61	 
100	5	62	t
100	5	63	h
100	5	64	e
100	5	65	 
100	5	66	p
100	5	67	o
100	5	68	i
100	5	69	n
100	5	70	t
100	6	1	o
100	6	2	f
100	6	3	 
100	6	4	e
100	6	5	x
100	6	6	h
100	6	7	a
100	6	8	u
100	6	9	s
100	6	10	t
100	6	11	i
100	6	12	o
100	6	13	n
100	6	14	 
100	6	15	o
100	6	16	f
100	6	17	 
100	6	18	t
100	6	19	h
100	6	20	e
100	6	21	i
100	6	22	r
100	6	23	 
100	6	24	f
100	6	25	o
100	6	26	r
100	6	27	c
100	6	28	e
100	6	29	s
100	6	30	 
100	6	31	a
100	6	32	s
100	6	33	 
100	6	34	r
100	6	35	e
100	6	36	p
100	6	37	r
100	6	38	o
100	6	39	d
100	6	40	u
100	6	41	c
100	6	42	e
100	6	43	r
100	6	44	s
100	6	45	 
100	6	46	a
100	6	47	n
100	6	48	d
100	6	49	 
100	6	50	i
100	6	51	n
100	6	52	 
100	6	53	t
100	6	54	h
100	6	55	e
100	6	56	i
100	6	57	r
100	6	58	 
100	6	59	i
100	6	60	n
100	6	61	d
100	6	62	i
100	6	63	v
100	6	64	i
100	6	65	d
100	6	66	u
100	6	67	a
100	6	68	l
100	7	1	c
100	7	2	a
100	7	3	p
100	7	4	a
100	7	5	c
100	7	6	i
100	7	7	t
100	7	8	i
100	7	9	e
100	7	10	s
100	7	11	 
100	7	12	b
100	7	13	y
100	7	14	 
100	7	15	a
100	7	16	 
100	7	17	d
100	7	18	e
100	7	19	m
100	7	20	a
100	7	21	n
100	7	22	d
100	7	23	i
100	7	24	n
100	7	25	g
100	7	26	 
100	7	27	m
100	7	28	a
100	7	29	s
100	7	30	t
100	7	31	e
100	7	32	r
100	7	33	.
100	7	34	 
100	7	35	T
100	7	36	h
100	7	37	i
100	7	38	s
100	7	39	 
100	7	40	w
100	7	41	a
100	7	42	s
100	7	43	 
100	7	44	u
100	7	45	n
100	7	46	d
100	7	47	o
100	7	48	u
100	7	49	b
100	7	50	t
100	7	51	e
100	7	52	d
100	7	53	l
100	7	54	y
100	7	55	 
100	7	56	t
100	7	57	h
100	7	58	e
100	7	59	 
100	7	60	c
100	7	61	a
100	7	62	s
100	7	63	e
100	7	64	 
100	7	65	o
100	7	66	f
100	8	1	w
100	8	2	o
100	8	3	m
100	8	4	a
100	8	5	n
100	8	6	 
100	8	7	a
100	8	8	t
100	8	9	 
100	8	10	a
100	8	11	 
100	8	12	t
100	8	13	i
100	8	14	m
100	8	15	e
100	8	16	 
100	8	17	w
100	8	18	h
100	8	19	e
100	8	20	n
100	8	21	 
100	8	22	t
100	8	23	h
100	8	24	e
100	8	25	 
100	8	26	s
100	8	27	t
100	8	28	r
100	8	29	u
100	8	30	g
100	8	31	g
100	8	32	l
100	8	33	e
100	8	34	 
100	8	35	a
100	8	36	g
100	8	37	a
100	8	38	i
100	8	39	n
100	8	40	s
100	8	41	t
100	8	42	 
100	8	43	a
100	8	44	 
100	8	45	h
100	8	46	o
100	8	47	s
100	8	48	t
100	8	49	i
100	8	50	l
100	8	51	e
100	8	52	 
100	8	53	w
100	8	54	o
100	8	55	r
100	8	56	l
100	8	57	d
100	8	58	 
100	8	59	d
100	8	60	e
100	8	61	m
100	8	62	a
100	8	63	n
100	8	64	d
100	8	65	e
100	8	66	d
100	9	1	t
100	9	2	h
100	9	3	e
100	9	4	 
100	9	5	f
100	9	6	u
100	9	7	l
100	9	8	l
100	9	9	 
100	9	10	e
100	9	11	m
100	9	12	p
100	9	13	l
100	9	14	o
100	9	15	y
100	9	16	m
100	9	17	e
100	9	18	n
100	9	19	t
100	9	20	 
100	9	21	o
100	9	22	f
100	9	23	 
100	9	24	c
100	9	25	o
100	9	26	m
100	9	27	m
100	9	28	u
100	9	29	n
100	9	30	i
100	9	31	t
100	9	32	y
100	9	33	 
100	9	34	r
100	9	35	e
100	9	36	s
100	9	37	o
100	9	38	u
100	9	39	r
100	9	40	c
100	9	41	e
100	9	42	s
100	9	43	;
100	9	44	 
100	9	45	a
100	9	46	d
100	9	47	d
100	9	48	e
100	9	49	d
100	9	50	 
100	9	51	t
100	9	52	o
100	9	53	 
100	9	54	t
100	9	55	h
100	9	56	e
100	9	57	 
100	9	58	f
100	9	59	a
100	9	60	t
100	9	61	i
100	9	62	g
100	9	63	u
100	9	64	e
100	9	65	s
100	9	66	 
100	9	67	o
100	9	68	f
100	10	1	i
100	10	2	n
100	10	3	c
100	10	4	e
100	10	5	s
100	10	6	s
100	10	7	a
100	10	8	n
100	10	9	t
100	10	10	 
100	10	11	a
100	10	12	n
100	10	13	d
100	10	14	 
100	10	15	u
100	10	16	n
100	10	17	r
100	10	18	e
100	10	19	g
100	10	20	u
100	10	21	l
100	10	22	a
100	10	23	t
100	10	24	e
100	10	25	d
100	10	26	 
100	10	27	p
100	10	28	r
100	10	29	o
100	10	30	c
100	10	31	r
100	10	32	e
100	10	33	a
100	10	34	t
100	10	35	i
100	10	36	o
100	10	37	n
100	10	38	 
100	10	39	w
100	10	40	e
100	10	41	r
100	10	42	e
100	10	43	 
100	10	44	t
100	10	45	h
100	10	46	o
100	10	47	s
100	10	48	e
100	10	49	 
100	10	50	o
100	10	51	f
100	10	52	 
100	10	53	h
100	10	54	a
100	10	55	r
100	10	56	d
100	10	57	 
100	10	58	d
100	10	59	o
100	10	60	m
100	10	61	e
100	10	62	s
100	10	63	t
100	10	64	i
100	10	65	c
100	11	1	d
100	11	2	u
100	11	3	t
100	11	4	i
100	11	5	e
100	11	6	s
100	11	7	.
100	11	8	 
100	11	9	N
100	11	10	e
100	11	11	v
100	11	12	e
100	11	13	r
100	11	14	t
100	11	15	h
100	11	16	e
100	11	17	l
100	11	18	e
100	11	19	s
100	11	20	s
100	11	21	,
100	11	22	 
100	11	23	s
100	11	24	o
100	11	25	m
100	11	26	e
100	11	27	 
100	11	28	h
100	11	29	i
100	11	30	s
100	11	31	t
100	11	32	o
100	11	33	r
100	11	34	i
100	11	35	a
100	11	36	n
100	11	37	s
100	11	38	 
100	11	39	m
100	11	40	a
100	11	41	i
100	11	42	n
100	11	43	t
100	11	44	a
100	11	45	i
100	11	46	n
100	11	47	 
100	11	48	t
100	11	49	h
100	11	50	a
100	11	51	t
100	11	52	 
100	11	53	p
100	11	54	r
100	11	55	e
100	11	56	c
100	11	57	i
100	11	58	s
100	11	59	e
100	11	60	l
100	11	61	y
100	11	62	 
100	11	63	a
100	11	64	t
100	11	65	 
100	11	66	t
100	11	67	h
100	11	68	a
100	11	69	t
100	12	1	t
100	12	2	i
100	12	3	m
100	12	4	e
100	12	5	,
100	12	6	 
100	12	7	m
100	12	8	a
100	12	9	l
100	12	10	e
100	12	11	 
100	12	12	s
100	12	13	u
100	12	14	p
100	12	15	e
100	12	16	r
100	12	17	i
100	12	18	o
100	12	19	r
100	12	20	i
100	12	21	t
100	12	22	y
100	12	23	 
100	12	24	w
100	12	25	a
100	12	26	s
100	12	27	 
100	12	28	t
100	12	29	h
100	12	30	e
100	12	31	 
100	12	32	l
100	12	33	e
100	12	34	a
100	12	35	s
100	12	36	t
100	12	37	 
100	12	38	m
100	12	39	a
100	12	40	r
100	12	41	k
100	12	42	e
100	12	43	d
100	12	44	;
100	12	45	 
100	12	46	w
100	12	47	h
100	12	48	i
100	12	49	c
100	12	50	h
100	12	51	 
100	12	52	m
100	12	53	e
100	12	54	a
100	12	55	n
100	12	56	s
100	12	57	 
100	12	58	t
100	12	59	h
100	12	60	a
100	12	61	t
100	12	62	 
100	12	63	t
100	12	64	h
100	12	65	i
100	12	66	s
100	13	1	s
100	13	2	u
100	13	3	p
100	13	4	e
100	13	5	r
100	13	6	i
100	13	7	o
100	13	8	r
100	13	9	i
100	13	10	t
100	13	11	y
100	13	12	 
100	13	13	i
100	13	14	s
100	13	15	 
100	13	16	l
100	13	17	i
100	13	18	v
100	13	19	e
100	13	20	d
100	13	21	 
100	13	22	i
100	13	23	n
100	13	24	 
100	13	25	a
100	13	26	n
100	13	27	 
100	13	28	i
100	13	29	m
100	13	30	m
100	13	31	e
100	13	32	d
100	13	33	i
100	13	34	a
100	13	35	t
100	13	36	e
100	13	37	 
100	13	38	f
100	13	39	o
100	13	40	r
100	13	41	m
100	13	42	,
100	13	43	 
100	13	44	n
100	13	45	o
100	13	46	t
100	13	47	 
100	13	48	y
100	13	49	e
100	13	50	t
100	13	51	 
100	13	52	p
100	13	53	o
100	13	54	s
100	13	55	i
100	13	56	t
100	13	57	e
100	13	58	d
100	13	59	 
100	13	60	a
100	13	61	n
100	13	62	d
100	13	63	 
100	13	64	w
100	13	65	i
100	13	66	l
100	13	67	l
100	13	68	e
100	13	69	d
100	13	70	;
100	14	1	n
100	14	2	o
100	14	3	 
100	14	4	o
100	14	5	n
100	14	6	e
100	14	7	 
100	14	8	t
100	14	9	r
100	14	10	i
100	14	11	e
100	14	12	s
100	14	13	 
100	14	14	t
100	14	15	o
100	14	16	 
100	14	17	c
100	14	18	o
100	14	19	m
100	14	20	p
100	14	21	e
100	14	22	n
100	14	23	s
100	14	24	a
100	14	25	t
100	14	26	e
100	14	27	 
100	14	28	f
100	14	29	o
100	14	30	r
100	14	31	 
100	14	32	t
100	14	33	h
100	14	34	e
100	14	35	 
100	14	36	c
100	14	37	r
100	14	38	u
100	14	39	e
100	14	40	l
100	14	41	 
100	14	42	d
100	14	43	i
100	14	44	s
100	14	45	a
100	14	46	d
100	14	47	v
100	14	48	a
100	14	49	n
100	14	50	t
100	14	51	a
100	14	52	g
100	14	53	e
100	14	54	s
100	14	55	 
100	14	56	t
100	14	57	h
100	14	58	a
100	14	59	t
100	14	60	 
100	14	61	h
100	14	62	a
100	14	63	n
100	14	64	d
100	14	65	i
100	14	66	c
100	14	67	a
100	14	68	p
100	15	1	w
100	15	2	o
100	15	3	m
100	15	4	a
100	15	5	n
100	15	6	;
100	15	7	 
100	15	8	b
100	15	9	u
100	15	10	t
100	15	11	 
100	15	12	n
100	15	13	e
100	15	14	i
100	15	15	t
100	15	16	h
100	15	17	e
100	15	18	r
100	15	19	 
100	15	20	d
100	15	21	o
100	15	22	e
100	15	23	s
100	15	24	 
100	15	25	a
100	15	26	n
100	15	27	y
100	15	28	o
100	15	29	n
100	15	30	e
100	15	31	 
100	15	32	t
100	15	33	r
100	15	34	y
100	15	35	 
100	15	36	t
100	15	37	o
100	15	38	 
100	15	39	b
100	15	40	r
100	15	41	e
100	15	42	a
100	15	43	k
100	15	44	 
100	15	45	h
100	15	46	e
100	15	47	r
100	15	48	 
100	15	49	d
100	15	50	o
100	15	51	w
100	15	52	n
100	15	53	,
100	15	54	 
100	15	55	a
100	15	56	s
100	15	57	 
100	15	58	w
100	15	59	i
100	15	60	l
100	15	61	l
100	15	62	 
100	15	63	l
100	15	64	a
100	15	65	t
100	15	66	e
100	15	67	r
100	16	1	h
100	16	2	a
100	16	3	p
100	16	4	p
100	16	5	e
100	16	6	n
100	16	7	 
100	16	8	i
100	16	9	n
100	16	10	 
100	16	11	p
100	16	12	a
100	16	13	t
100	16	14	e
100	16	15	r
100	16	16	n
100	16	17	a
100	16	18	l
100	16	19	i
100	16	20	s
100	16	21	t
100	16	22	i
100	16	23	c
100	16	24	 
100	16	25	r
100	16	26	e
100	16	27	g
100	16	28	i
100	16	29	m
100	16	30	e
100	16	31	s
100	16	32	.
100	16	33	 
100	16	34	N
100	16	35	o
100	16	36	 
100	16	37	i
100	16	38	n
100	16	39	s
100	16	40	t
100	16	41	i
100	16	42	t
100	16	43	u
100	16	44	t
100	16	45	i
100	16	46	o
100	16	47	n
100	16	48	 
100	16	49	a
100	16	50	c
100	16	51	t
100	16	52	u
100	16	53	a
100	16	54	l
100	16	55	l
100	16	56	y
100	16	57	 
100	16	58	r
100	16	59	a
100	16	60	t
100	16	61	i
100	16	62	f
100	16	63	i
100	16	64	e
100	16	65	s
100	16	66	 
100	16	67	t
100	16	68	h
100	16	69	e
100	17	1	i
100	17	2	n
100	17	3	e
100	17	4	q
100	17	5	u
100	17	6	a
100	17	7	l
100	17	8	i
100	17	9	t
100	17	10	y
100	17	11	 
100	17	12	o
100	17	13	f
100	17	14	 
100	17	15	t
100	17	16	h
100	17	17	e
100	17	18	 
100	17	19	s
100	17	20	e
100	17	21	x
100	17	22	e
100	17	23	s
100	17	24	;
100	17	25	 
100	17	26	i
100	17	27	n
100	17	28	 
100	17	29	f
100	17	30	a
100	17	31	c
100	17	32	t
100	17	33	,
100	17	34	 
100	17	35	t
100	17	36	h
100	17	37	e
100	17	38	r
100	17	39	e
100	17	40	 
100	17	41	a
100	17	42	r
100	17	43	e
100	17	44	 
100	17	45	n
100	17	46	o
100	17	47	 
100	17	48	i
100	17	49	n
100	17	50	s
100	17	51	t
100	17	52	i
100	17	53	t
100	17	54	u
100	17	55	t
100	17	56	i
100	17	57	o
100	17	58	n
100	17	59	s
100	17	60	:
100	17	61	 
100	17	62	n
100	17	63	o
100	17	64	 
100	17	65	p
100	17	66	r
100	17	67	o
100	17	68	p
100	17	69	e
100	17	70	r
100	17	71	t
100	17	72	y
100	17	73	,
100	18	1	n
100	18	2	o
100	18	3	 
100	18	4	i
100	18	5	n
100	18	6	h
100	18	7	e
100	18	8	r
100	18	9	i
100	18	10	t
100	18	11	a
100	18	12	n
100	18	13	c
100	18	14	e
100	18	15	,
100	18	16	 
100	18	17	n
100	18	18	o
100	18	19	 
100	18	20	l
100	18	21	e
100	18	22	g
100	18	23	a
100	18	24	l
100	18	25	 
100	18	26	s
100	18	27	y
100	18	28	s
100	18	29	t
100	18	30	e
100	18	31	m
100	18	32	.
100	18	33	 
100	18	34	R
100	18	35	e
100	18	36	l
100	18	37	i
100	18	38	g
100	18	39	i
100	18	40	o
100	18	41	n
100	18	42	 
100	18	43	i
100	18	44	s
100	18	45	 
100	18	46	n
100	18	47	e
100	18	48	u
100	18	49	t
100	18	50	r
100	18	51	a
100	18	52	l
100	18	53	;
100	18	54	 
100	18	55	t
100	18	56	h
100	18	57	e
100	18	58	 
100	18	59	t
100	18	60	o
100	18	61	t
100	18	62	e
100	18	63	m
100	18	64	s
100	18	65	 
100	18	66	t
100	18	67	h
100	18	68	a
100	18	69	t
100	18	70	 
100	18	71	a
100	18	72	r
100	18	73	e
100	19	1	w
100	19	2	o
100	19	3	r
100	19	4	s
100	19	5	h
100	19	6	i
100	19	7	p
100	19	8	p
100	19	9	e
100	19	10	d
100	19	11	 
100	19	12	a
100	19	13	r
100	19	14	e
100	19	15	 
100	19	16	a
100	19	17	s
100	19	18	e
100	19	19	x
100	19	20	u
100	19	21	a
100	19	22	l
100	19	23	.
100	20	1	I
100	20	2	t
100	20	3	 
100	20	4	i
100	20	5	s
100	20	6	 
100	20	7	w
100	20	8	h
100	20	9	e
100	20	10	n
100	20	11	 
100	20	12	n
100	20	13	o
100	20	14	m
100	20	15	a
100	20	16	d
100	20	17	s
100	20	18	 
100	20	19	s
100	20	20	e
100	20	21	t
100	20	22	t
100	20	23	l
100	20	24	e
100	20	25	d
100	20	26	 
100	20	27	t
100	20	28	h
100	20	29	e
100	20	30	 
100	20	31	l
100	20	32	a
100	20	33	n
100	20	34	d
100	20	35	 
100	20	36	a
100	20	37	n
100	20	38	d
100	20	39	 
100	20	40	b
100	20	41	e
100	20	42	c
100	20	43	a
100	20	44	m
100	20	45	e
100	20	46	 
100	20	47	f
100	20	48	a
100	20	49	r
100	20	50	m
100	20	51	e
100	20	52	r
100	20	53	s
100	20	54	 
100	20	55	t
100	20	56	h
100	20	57	a
100	20	58	t
100	21	1	i
100	21	2	n
100	21	3	s
100	21	4	t
100	21	5	i
100	21	6	t
100	21	7	u
100	21	8	t
100	21	9	i
100	21	10	o
100	21	11	n
100	21	12	s
100	21	13	 
100	21	14	a
100	21	15	n
100	21	16	d
100	21	17	 
100	21	18	l
100	21	19	a
100	21	20	w
100	21	21	 
100	21	22	a
100	21	23	p
100	21	24	p
100	21	25	e
100	21	26	a
100	21	27	r
100	21	28	e
100	21	29	d
100	21	30	.
100	21	31	 
100	21	32	M
100	21	33	a
100	21	34	n
100	21	35	 
100	21	36	n
100	21	37	o
100	21	38	 
100	21	39	l
100	21	40	o
100	21	41	n
100	21	42	g
100	21	43	e
100	21	44	r
100	21	45	 
100	21	46	h
100	21	47	a
100	21	48	s
100	21	49	 
100	21	50	t
100	21	51	o
100	21	52	 
100	21	53	l
100	21	54	i
100	21	55	m
100	21	56	i
100	21	57	t
100	21	58	 
100	21	59	h
100	21	60	i
100	21	61	m
100	21	62	s
100	21	63	e
100	21	64	l
100	21	65	f
100	21	66	 
100	21	67	t
100	21	68	o
100	22	1	c
100	22	2	o
100	22	3	m
100	22	4	b
100	22	5	a
100	22	6	t
100	22	7	i
100	22	8	n
100	22	9	g
100	22	10	 
100	22	11	h
100	22	12	o
100	22	13	s
100	22	14	t
100	22	15	i
100	22	16	l
100	22	17	e
100	22	18	 
100	22	19	f
100	22	20	o
100	22	21	r
100	22	22	c
100	22	23	e
100	22	24	s
100	22	25	;
100	22	26	 
100	22	27	h
100	22	28	e
100	22	29	 
100	22	30	b
100	22	31	e
100	22	32	g
100	22	33	i
100	22	34	n
100	22	35	s
100	22	36	 
100	22	37	t
100	22	38	o
100	22	39	 
100	22	40	e
100	22	41	x
100	22	42	p
100	22	43	r
100	22	44	e
100	22	45	s
100	22	46	s
100	22	47	 
100	22	48	h
100	22	49	i
100	22	50	m
100	22	51	s
100	22	52	e
100	22	53	l
100	22	54	f
100	22	55	 
100	22	56	c
100	22	57	o
100	22	58	n
100	22	59	c
100	22	60	r
100	22	61	e
100	22	62	t
100	22	63	e
100	22	64	l
100	22	65	y
100	23	1	t
100	23	2	h
100	23	3	r
100	23	4	o
100	23	5	u
100	23	6	g
100	23	7	h
100	23	8	 
100	23	9	t
100	23	10	h
100	23	11	e
100	23	12	 
100	23	13	f
100	23	14	i
100	23	15	g
100	23	16	u
100	23	17	r
100	23	18	e
100	23	19	 
100	23	20	h
100	23	21	e
100	23	22	 
100	23	23	i
100	23	24	m
100	23	25	p
100	23	26	o
100	23	27	s
100	23	28	e
100	23	29	s
100	23	30	 
100	23	31	o
100	23	32	n
100	23	33	 
100	23	34	t
100	23	35	h
100	23	36	e
100	23	37	 
100	23	38	w
100	23	39	o
100	23	40	r
100	23	41	l
100	23	42	d
100	23	43	,
100	23	44	 
100	23	45	t
100	23	46	h
100	23	47	i
100	23	48	n
100	23	49	k
100	23	50	i
100	23	51	n
100	23	52	g
100	23	53	 
100	23	54	t
100	23	55	h
100	23	56	e
100	23	57	 
100	23	58	w
100	23	59	o
100	23	60	r
100	23	61	l
100	23	62	d
100	23	63	 
100	23	64	a
100	23	65	n
100	23	66	d
100	24	1	t
100	24	2	h
100	24	3	i
100	24	4	n
100	24	5	k
100	24	6	i
100	24	7	n
100	24	8	g
100	24	9	 
100	24	10	h
100	24	11	i
100	24	12	m
100	24	13	s
100	24	14	e
100	24	15	l
100	24	16	f
100	24	17	;
100	24	18	 
100	24	19	a
100	24	20	t
100	24	21	 
100	24	22	t
100	24	23	h
100	24	24	a
100	24	25	t
100	24	26	 
100	24	27	j
100	24	28	u
100	24	29	n
100	24	30	c
100	24	31	t
100	24	32	u
100	24	33	r
100	24	34	e
100	24	35	,
100	24	36	 
100	24	37	s
100	24	38	e
100	24	39	x
100	24	40	u
100	24	41	a
100	24	42	l
100	24	43	 
100	24	44	d
100	24	45	i
100	24	46	f
100	24	47	f
100	24	48	e
100	24	49	r
100	24	50	e
100	24	51	n
100	24	52	t
100	24	53	i
100	24	54	a
100	24	55	t
100	24	56	i
100	24	57	o
100	24	58	n
100	24	59	 
100	24	60	i
100	24	61	s
100	24	62	 
100	24	63	r
100	24	64	e
100	24	65	f
100	24	66	l
100	24	67	e
100	24	68	c
100	24	69	t
100	24	70	e
100	24	71	d
100	24	72	 
100	24	73	i
100	24	74	n
100	25	1	t
100	25	2	h
100	25	3	e
100	25	4	 
100	25	5	g
100	25	6	r
100	25	7	o
100	25	8	u
100	25	9	p
100	25	10	 
100	25	11	s
100	25	12	t
100	25	13	r
100	25	14	u
100	25	15	c
100	25	16	t
100	25	17	u
100	25	18	r
100	25	19	e
100	25	20	,
100	25	21	 
100	25	22	a
100	25	23	n
100	25	24	d
100	25	25	 
100	25	26	i
100	25	27	t
100	25	28	 
100	25	29	t
100	25	30	a
100	25	31	k
100	25	32	e
100	25	33	s
100	25	34	 
100	25	35	o
100	25	36	n
100	25	37	 
100	25	38	a
100	25	39	 
100	25	40	p
100	25	41	a
100	25	42	r
100	25	43	t
100	25	44	i
100	25	45	c
100	25	46	u
100	25	47	l
100	25	48	a
100	25	49	r
100	25	50	 
100	25	51	c
100	25	52	h
100	25	53	a
100	25	54	r
100	25	55	a
100	25	56	c
100	25	57	t
100	25	58	e
100	25	59	r
100	25	60	:
100	25	61	 
100	25	62	i
100	25	63	n
100	26	1	a
100	26	2	g
100	26	3	r
100	26	4	i
100	26	5	c
100	26	6	u
100	26	7	l
100	26	8	t
100	26	9	u
100	26	10	r
100	26	11	a
100	26	12	l
100	26	13	 
100	26	14	c
100	26	15	o
100	26	16	m
100	26	17	m
100	26	18	u
100	26	19	n
100	26	20	i
100	26	21	t
100	26	22	i
100	26	23	e
100	26	24	s
100	26	25	,
100	26	26	 
100	26	27	w
100	26	28	o
100	26	29	m
100	26	30	a
100	26	31	n
100	26	32	 
100	26	33	i
100	26	34	s
100	26	35	 
100	26	36	o
100	26	37	f
100	26	38	t
100	26	39	e
100	26	40	n
100	26	41	 
100	26	42	v
100	26	43	e
100	26	44	s
100	26	45	t
100	26	46	e
100	26	47	d
100	26	48	 
100	26	49	w
100	26	50	i
100	26	51	t
100	26	52	h
100	26	53	 
100	26	54	e
100	26	55	x
100	26	56	t
100	26	57	r
100	26	58	a
100	26	59	o
100	26	60	r
100	26	61	d
100	26	62	i
100	26	63	n
100	26	64	a
100	26	65	r
100	26	66	y
100	27	1	p
100	27	2	r
100	27	3	e
100	27	4	s
100	27	5	t
100	27	6	i
100	27	7	g
100	27	8	e
100	27	9	.
100	27	10	 
100	27	11	T
100	27	12	h
100	27	13	i
100	27	14	s
100	27	15	 
100	27	16	p
100	27	17	r
100	27	18	e
100	27	19	s
100	27	20	t
100	27	21	i
100	27	22	g
100	27	23	e
100	27	24	 
100	27	25	i
100	27	26	s
100	27	27	 
100	27	28	e
100	27	29	x
100	27	30	p
100	27	31	l
100	27	32	a
100	27	33	i
100	27	34	n
100	27	35	e
100	27	36	d
100	27	37	 
100	27	38	e
100	27	39	s
100	27	40	s
100	27	41	e
100	27	42	n
100	27	43	t
100	27	44	i
100	27	45	a
100	27	46	l
100	27	47	l
100	27	48	y
100	27	49	 
100	27	50	b
100	27	51	y
100	27	52	 
100	27	53	t
100	27	54	h
100	27	55	e
100	27	56	 
100	27	57	n
100	27	58	e
100	27	59	w
100	27	60	 
100	27	61	i
100	27	62	m
100	27	63	p
100	27	64	o
100	27	65	r
100	27	66	t
100	27	67	a
100	27	68	n
100	27	69	c
100	27	70	e
100	28	1	t
100	28	2	h
100	28	3	a
100	28	4	t
100	28	5	 
100	28	6	c
100	28	7	h
100	28	8	i
100	28	9	l
100	28	10	d
100	28	11	r
100	28	12	e
100	28	13	n
100	28	14	 
100	28	15	a
100	28	16	s
100	28	17	s
100	28	18	u
100	28	19	m
100	28	20	e
100	28	21	 
100	28	22	i
100	28	23	n
100	28	24	 
100	28	25	a
100	28	26	 
100	28	27	c
100	28	28	i
100	28	29	v
100	28	30	i
100	28	31	l
100	28	32	i
100	28	33	z
100	28	34	a
100	28	35	t
100	28	36	i
100	28	37	o
100	28	38	n
100	28	39	 
100	28	40	b
100	28	41	a
100	28	42	s
100	28	43	e
100	28	44	d
100	28	45	 
100	28	46	o
100	28	47	n
100	28	48	 
100	28	49	w
100	28	50	o
100	28	51	r
100	28	52	k
100	28	53	i
100	28	54	n
100	28	55	g
100	28	56	 
100	28	57	t
100	28	58	h
100	28	59	e
100	28	60	 
100	28	61	l
100	28	62	a
100	28	63	n
100	28	64	d
100	28	65	;
100	28	66	 
100	28	67	b
100	28	68	y
100	29	1	s
100	29	2	e
100	29	3	t
100	29	4	t
100	29	5	l
100	29	6	i
100	29	7	n
100	29	8	g
100	29	9	 
100	29	10	a
100	29	11	 
100	29	12	t
100	29	13	e
100	29	14	r
100	29	15	r
100	29	16	i
100	29	17	t
100	29	18	o
100	29	19	r
100	29	20	y
100	29	21	,
100	29	22	 
100	29	23	m
100	29	24	e
100	29	25	n
100	29	26	 
100	29	27	b
100	29	28	e
100	29	29	g
100	29	30	i
100	29	31	n
100	29	32	 
100	29	33	t
100	29	34	o
100	29	35	 
100	29	36	a
100	29	37	p
100	29	38	p
100	29	39	r
100	29	40	o
100	29	41	p
100	29	42	r
100	29	43	i
100	29	44	a
100	29	45	t
100	29	46	e
100	29	47	 
100	29	48	i
100	29	49	t
100	29	50	.
100	29	51	 
100	29	52	P
100	29	53	r
100	29	54	o
100	29	55	p
100	29	56	e
100	29	57	r
100	29	58	t
100	29	59	y
100	29	60	 
100	29	61	a
100	29	62	p
100	29	63	p
100	29	64	e
100	29	65	a
100	29	66	r
100	29	67	s
100	29	68	 
100	29	69	i
100	29	70	n
100	29	71	 
100	29	72	a
100	30	1	c
100	30	2	o
100	30	3	l
100	30	4	l
100	30	5	e
100	30	6	c
100	30	7	t
100	30	8	i
100	30	9	v
100	30	10	e
100	30	11	 
100	30	12	f
100	30	13	o
100	30	14	r
100	30	15	m
100	30	16	;
100	30	17	 
100	30	18	i
100	30	19	t
100	30	20	 
100	30	21	d
100	30	22	e
100	30	23	m
100	30	24	a
100	30	25	n
100	30	26	d
100	30	27	s
100	30	28	 
100	30	29	p
100	30	30	o
100	30	31	s
100	30	32	t
100	30	33	e
100	30	34	r
100	30	35	i
100	30	36	t
100	30	37	y
100	30	38	 
100	30	39	f
100	30	40	r
100	30	41	o
100	30	42	m
100	30	43	 
100	30	44	i
100	30	45	t
100	30	46	s
100	30	47	 
100	30	48	o
100	30	49	w
100	30	50	n
100	30	51	e
100	30	52	r
100	30	53	s
100	30	54	;
100	30	55	 
100	30	56	m
100	30	57	o
100	30	58	t
100	30	59	h
100	30	60	e
100	30	61	r
100	30	62	h
100	30	63	o
100	30	64	o
100	30	65	d
100	31	1	b
100	31	2	e
100	31	3	c
100	31	4	o
100	31	5	m
100	31	6	e
100	31	7	s
100	31	8	 
100	31	9	a
100	31	10	 
100	31	11	s
100	31	12	a
100	31	13	c
100	31	14	r
100	31	15	e
100	31	16	d
100	31	17	 
100	31	18	f
100	31	19	u
100	31	20	n
100	31	21	c
100	31	22	t
100	31	23	i
100	31	24	o
100	31	25	n
100	31	26	.
100	31	27	 
100	31	28	M
100	31	29	a
100	31	30	n
100	31	31	y
100	31	32	 
100	31	33	t
100	31	34	r
100	31	35	i
100	31	36	b
100	31	37	e
100	31	38	s
100	31	39	 
100	31	40	l
100	31	41	i
100	31	42	v
100	31	43	e
100	31	44	 
100	31	45	u
100	31	46	n
100	31	47	d
100	31	48	e
100	31	49	r
100	31	50	 
100	31	51	a
100	31	52	 
100	31	53	c
100	31	54	o
100	31	55	m
100	31	56	m
100	31	57	u
100	31	58	n
100	31	59	a
100	31	60	l
100	32	1	r
100	32	2	e
100	32	3	g
100	32	4	i
100	32	5	m
100	32	6	e
100	32	7	:
100	32	8	 
100	32	9	t
100	32	10	h
100	32	11	i
100	32	12	s
100	32	13	 
100	32	14	d
100	32	15	o
100	32	16	e
100	32	17	s
100	32	18	 
100	32	19	n
100	32	20	o
100	32	21	t
100	32	22	 
100	32	23	m
100	32	24	e
100	32	25	a
100	32	26	n
100	32	27	 
100	32	28	t
100	32	29	h
100	32	30	a
100	32	31	t
100	32	32	 
100	32	33	w
100	32	34	o
100	32	35	m
100	32	36	e
100	32	37	n
100	32	38	 
100	32	39	b
100	32	40	e
100	32	41	l
100	32	42	o
100	32	43	n
100	32	44	g
100	32	45	 
100	32	46	t
100	32	47	o
100	32	48	 
100	32	49	a
100	32	50	l
100	32	51	l
100	32	52	 
100	32	53	t
100	32	54	h
100	32	55	e
100	32	56	 
100	32	57	m
100	32	58	e
100	32	59	n
100	32	60	 
100	32	61	i
100	32	62	n
100	32	63	 
100	32	64	t
100	32	65	h
100	32	66	e
100	33	1	c
100	33	2	o
100	33	3	m
100	33	4	m
100	33	5	u
100	33	6	n
100	33	7	i
100	33	8	t
100	33	9	y
100	33	10	;
100	33	11	 
100	33	12	i
100	33	13	t
100	33	14	 
100	33	15	i
100	33	16	s
100	33	17	 
100	33	18	n
100	33	19	o
100	33	20	 
100	33	21	l
100	33	22	o
100	33	23	n
100	33	24	g
100	33	25	e
100	33	26	r
100	33	27	 
100	33	28	t
100	33	29	h
100	33	30	o
100	33	31	u
100	33	32	g
100	33	33	h
100	33	34	t
100	33	35	 
100	33	36	t
100	33	37	o
100	33	38	d
100	33	39	a
100	33	40	y
100	33	41	 
100	33	42	t
100	33	43	h
100	33	44	a
100	33	45	t
100	33	46	 
100	33	47	p
100	33	48	r
100	33	49	o
100	33	50	m
100	33	51	i
100	33	52	s
100	33	53	c
100	33	54	u
100	33	55	o
100	33	56	u
100	33	57	s
100	33	58	 
100	33	59	m
100	33	60	a
100	33	61	r
100	33	62	r
100	33	63	i
100	33	64	a
100	33	65	g
100	33	66	e
101	1	1	w
101	1	2	a
101	1	3	s
101	1	4	 
101	1	5	e
101	1	6	v
101	1	7	e
101	1	8	r
101	1	9	 
101	1	10	p
101	1	11	r
101	1	12	a
101	1	13	c
101	1	14	t
101	1	15	i
101	1	16	c
101	1	17	e
101	1	18	d
101	1	19	;
101	1	20	 
101	1	21	b
101	1	22	u
101	1	23	t
101	1	24	 
101	1	25	m
101	1	26	e
101	1	27	n
101	1	28	 
101	1	29	a
101	1	30	n
101	1	31	d
101	1	32	 
101	1	33	w
101	1	34	o
101	1	35	m
101	1	36	e
101	1	37	n
101	1	38	 
101	1	39	o
101	1	40	n
101	1	41	l
101	1	42	y
101	1	43	 
101	1	44	h
101	1	45	a
101	1	46	v
101	1	47	e
101	1	48	 
101	1	49	a
101	1	50	 
101	1	51	r
101	1	52	e
101	1	53	l
101	1	54	i
101	1	55	g
101	1	56	i
101	1	57	o
101	1	58	u
101	1	59	s
101	1	60	,
101	1	61	 
101	1	62	s
101	1	63	o
101	1	64	c
101	1	65	i
101	1	66	a
101	1	67	l
101	1	68	,
101	2	1	a
101	2	2	n
101	2	3	d
101	2	4	 
101	2	5	e
101	2	6	c
101	2	7	o
101	2	8	n
101	2	9	o
101	2	10	m
101	2	11	i
101	2	12	c
101	2	13	 
101	2	14	e
101	2	15	x
101	2	16	i
101	2	17	s
101	2	18	t
101	2	19	e
101	2	20	n
101	2	21	c
101	2	22	e
101	2	23	 
101	2	24	a
101	2	25	s
101	2	26	 
101	2	27	a
101	2	28	 
101	2	29	g
101	2	30	r
101	2	31	o
101	2	32	u
101	2	33	p
101	2	34	:
101	2	35	 
101	2	36	t
101	2	37	h
101	2	38	e
101	2	39	i
101	2	40	r
101	2	41	 
101	2	42	i
101	2	43	n
101	2	44	d
101	2	45	i
101	2	46	v
101	2	47	i
101	2	48	d
101	2	49	u
101	2	50	a
101	2	51	l
101	2	52	i
101	2	53	t
101	2	54	y
101	2	55	 
101	2	56	r
101	2	57	e
101	2	58	m
101	2	59	a
101	2	60	i
101	2	61	n
101	2	62	s
101	2	63	 
101	2	64	a
101	3	1	p
101	3	2	u
101	3	3	r
101	3	4	e
101	3	5	l
101	3	6	y
101	3	7	 
101	3	8	b
101	3	9	i
101	3	10	o
101	3	11	l
101	3	12	o
101	3	13	g
101	3	14	i
101	3	15	c
101	3	16	a
101	3	17	l
101	3	18	 
101	3	19	f
101	3	20	a
101	3	21	c
101	3	22	t
101	3	23	;
101	3	24	 
101	3	25	m
101	3	26	a
101	3	27	r
101	3	28	r
101	3	29	i
101	3	30	a
101	3	31	g
101	3	32	e
101	3	33	,
101	3	34	 
101	3	35	w
101	3	36	h
101	3	37	a
101	3	38	t
101	3	39	e
101	3	40	v
101	3	41	e
101	3	42	r
101	3	43	 
101	3	44	i
101	3	45	t
101	3	46	s
101	3	47	 
101	3	48	f
101	3	49	o
101	3	50	r
101	3	51	m
101	3	52	-
101	3	53	-
101	3	54	m
101	3	55	o
101	3	56	n
101	3	57	o
101	3	58	g
101	3	59	a
101	3	60	m
101	3	61	y
101	3	62	,
101	4	1	p
101	4	2	o
101	4	3	l
101	4	4	y
101	4	5	g
101	4	6	a
101	4	7	m
101	4	8	y
101	4	9	,
101	4	10	 
101	4	11	p
101	4	12	o
101	4	13	l
101	4	14	y
101	4	15	a
101	4	16	n
101	4	17	d
101	4	18	r
101	4	19	y
101	4	20	-
101	4	21	-
101	4	22	i
101	4	23	s
101	4	24	 
101	4	25	i
101	4	26	t
101	4	27	s
101	4	28	e
101	4	29	l
101	4	30	f
101	4	31	 
101	4	32	n
101	4	33	o
101	4	34	t
101	4	35	h
101	4	36	i
101	4	37	n
101	4	38	g
101	4	39	 
101	4	40	b
101	4	41	u
101	4	42	t
101	4	43	 
101	4	44	a
101	4	45	 
101	4	46	s
101	4	47	e
101	4	48	c
101	4	49	u
101	4	50	l
101	4	51	a
101	4	52	r
101	4	53	 
101	4	54	i
101	4	55	n
101	4	56	c
101	4	57	i
101	4	58	d
101	4	59	e
101	4	60	n
101	4	61	t
101	4	62	 
101	4	63	t
101	4	64	h
101	4	65	a
101	4	66	t
101	5	1	d
101	5	2	o
101	5	3	e
101	5	4	s
101	5	5	 
101	5	6	n
101	5	7	o
101	5	8	t
101	5	9	 
101	5	10	c
101	5	11	r
101	5	12	e
101	5	13	a
101	5	14	t
101	5	15	e
101	5	16	 
101	5	17	a
101	5	18	 
101	5	19	m
101	5	20	y
101	5	21	s
101	5	22	t
101	5	23	i
101	5	24	c
101	5	25	a
101	5	26	l
101	5	27	 
101	5	28	l
101	5	29	i
101	5	30	n
101	5	31	k
101	5	32	.
101	5	33	 
101	5	34	F
101	5	35	o
101	5	36	r
101	5	37	 
101	5	38	t
101	5	39	h
101	5	40	e
101	5	41	 
101	5	42	w
101	5	43	i
101	5	44	f
101	5	45	e
101	5	46	 
101	5	47	i
101	5	48	t
101	5	49	 
101	5	50	i
101	5	51	s
101	5	52	 
101	5	53	i
101	5	54	n
101	5	55	 
101	5	56	n
101	5	57	o
101	5	58	 
101	5	59	w
101	5	60	a
101	5	61	y
101	5	62	 
101	5	63	a
101	5	64	 
101	5	65	s
101	5	66	o
101	5	67	u
101	5	68	r
101	5	69	c
101	5	70	e
101	5	71	 
101	5	72	o
101	5	73	f
101	6	1	s
101	6	2	e
101	6	3	r
101	6	4	v
101	6	5	i
101	6	6	t
101	6	7	u
101	6	8	d
101	6	9	e
101	6	10	,
101	6	11	 
101	6	12	a
101	6	13	s
101	6	14	 
101	6	15	s
101	6	16	h
101	6	17	e
101	6	18	 
101	6	19	r
101	6	20	e
101	6	21	m
101	6	22	a
101	6	23	i
101	6	24	n
101	6	25	s
101	6	26	 
101	6	27	a
101	6	28	n
101	6	29	 
101	6	30	i
101	6	31	n
101	6	32	t
101	6	33	e
101	6	34	g
101	6	35	r
101	6	36	a
101	6	37	l
101	6	38	 
101	6	39	p
101	6	40	a
101	6	41	r
101	6	42	t
101	6	43	 
101	6	44	o
101	6	45	f
101	6	46	 
101	6	47	h
101	6	48	e
101	6	49	r
101	6	50	 
101	6	51	c
101	6	52	l
101	6	53	a
101	6	54	n
101	6	55	.
101	6	56	 
101	6	57	T
101	6	58	h
101	6	59	e
101	6	60	 
101	6	61	c
101	6	62	l
101	6	63	a
101	6	64	n
101	6	65	 
101	6	66	a
101	6	67	s
101	6	68	 
101	6	69	a
101	7	1	w
101	7	2	h
101	7	3	o
101	7	4	l
101	7	5	e
101	7	6	,
101	7	7	 
101	7	8	g
101	7	9	a
101	7	10	t
101	7	11	h
101	7	12	e
101	7	13	r
101	7	14	e
101	7	15	d
101	7	16	 
101	7	17	u
101	7	18	n
101	7	19	d
101	7	20	e
101	7	21	r
101	7	22	 
101	7	23	t
101	7	24	h
101	7	25	e
101	7	26	 
101	7	27	s
101	7	28	a
101	7	29	m
101	7	30	e
101	7	31	 
101	7	32	t
101	7	33	o
101	7	34	t
101	7	35	e
101	7	36	m
101	7	37	,
101	7	38	 
101	7	39	m
101	7	40	y
101	7	41	s
101	7	42	t
101	7	43	i
101	7	44	c
101	7	45	a
101	7	46	l
101	7	47	l
101	7	48	y
101	7	49	 
101	7	50	s
101	7	51	h
101	7	52	a
101	7	53	r
101	7	54	e
101	7	55	s
101	7	56	 
101	7	57	t
101	7	58	h
101	7	59	e
101	7	60	 
101	7	61	s
101	7	62	a
101	7	63	m
101	7	64	e
101	8	1	m
101	8	2	a
101	8	3	n
101	8	4	a
101	8	5	 
101	8	6	a
101	8	7	n
101	8	8	d
101	8	9	 
101	8	10	m
101	8	11	a
101	8	12	t
101	8	13	e
101	8	14	r
101	8	15	i
101	8	16	a
101	8	17	l
101	8	18	l
101	8	19	y
101	8	20	 
101	8	21	s
101	8	22	h
101	8	23	a
101	8	24	r
101	8	25	e
101	8	26	s
101	8	27	 
101	8	28	t
101	8	29	h
101	8	30	e
101	8	31	 
101	8	32	c
101	8	33	o
101	8	34	m
101	8	35	m
101	8	36	o
101	8	37	n
101	8	38	 
101	8	39	e
101	8	40	n
101	8	41	j
101	8	42	o
101	8	43	y
101	8	44	m
101	8	45	e
101	8	46	n
101	8	47	t
101	8	48	 
101	8	49	o
101	8	50	f
101	8	51	 
101	8	52	a
101	8	53	 
101	8	54	t
101	8	55	e
101	8	56	r
101	8	57	r
101	8	58	i
101	8	59	t
101	8	60	o
101	8	61	r
101	8	62	y
101	8	63	.
101	8	64	 
101	8	65	B
101	8	66	u
101	8	67	t
101	9	1	i
101	9	2	n
101	9	3	 
101	9	4	t
101	9	5	h
101	9	6	e
101	9	7	 
101	9	8	a
101	9	9	l
101	9	10	i
101	9	11	e
101	9	12	n
101	9	13	a
101	9	14	t
101	9	15	i
101	9	16	o
101	9	17	n
101	9	18	 
101	9	19	p
101	9	20	r
101	9	21	o
101	9	22	c
101	9	23	e
101	9	24	s
101	9	25	s
101	9	26	 
101	9	27	m
101	9	28	e
101	9	29	n
101	9	30	t
101	9	31	i
101	9	32	o
101	9	33	n
101	9	34	e
101	9	35	d
101	9	36	 
101	9	37	b
101	9	38	e
101	9	39	f
101	9	40	o
101	9	41	r
101	9	42	e
101	9	43	,
101	9	44	 
101	9	45	t
101	9	46	h
101	9	47	e
101	9	48	 
101	9	49	c
101	9	50	l
101	9	51	a
101	9	52	n
101	9	53	 
101	9	54	g
101	9	55	r
101	9	56	a
101	9	57	s
101	9	58	p
101	9	59	s
101	9	60	 
101	9	61	i
101	9	62	t
101	9	63	s
101	9	64	e
101	9	65	l
101	9	66	f
101	9	67	 
101	9	68	i
101	9	69	n
101	10	1	t
101	10	2	h
101	10	3	i
101	10	4	s
101	10	5	 
101	10	6	t
101	10	7	e
101	10	8	r
101	10	9	r
101	10	10	i
101	10	11	t
101	10	12	o
101	10	13	r
101	10	14	y
101	10	15	 
101	10	16	i
101	10	17	n
101	10	18	 
101	10	19	t
101	10	20	h
101	10	21	e
101	10	22	 
101	10	23	g
101	10	24	u
101	10	25	i
101	10	26	s
101	10	27	e
101	10	28	 
101	10	29	o
101	10	30	f
101	10	31	 
101	10	32	a
101	10	33	n
101	10	34	 
101	10	35	o
101	10	36	b
101	10	37	j
101	10	38	e
101	10	39	c
101	10	40	t
101	10	41	i
101	10	42	v
101	10	43	e
101	10	44	 
101	10	45	a
101	10	46	n
101	10	47	d
101	10	48	 
101	10	49	c
101	10	50	o
101	10	51	n
101	10	52	c
101	10	53	r
101	10	54	e
101	10	55	t
101	10	56	e
101	10	57	 
101	10	58	f
101	10	59	i
101	10	60	g
101	10	61	u
101	10	62	r
101	10	63	e
101	10	64	;
101	10	65	 
101	10	66	t
101	10	67	h
101	10	68	r
101	10	69	o
101	10	70	u
101	10	71	g
101	10	72	h
101	11	1	t
101	11	2	h
101	11	3	e
101	11	4	 
101	11	5	p
101	11	6	e
101	11	7	r
101	11	8	m
101	11	9	a
101	11	10	n
101	11	11	e
101	11	12	n
101	11	13	c
101	11	14	e
101	11	15	 
101	11	16	o
101	11	17	f
101	11	18	 
101	11	19	t
101	11	20	h
101	11	21	e
101	11	22	 
101	11	23	l
101	11	24	a
101	11	25	n
101	11	26	d
101	11	27	,
101	11	28	 
101	11	29	t
101	11	30	h
101	11	31	e
101	11	32	 
101	11	33	c
101	11	34	l
101	11	35	a
101	11	36	n
101	11	37	 
101	11	38	t
101	11	39	h
101	11	40	u
101	11	41	s
101	11	42	 
101	11	43	r
101	11	44	e
101	11	45	a
101	11	46	l
101	11	47	i
101	11	48	z
101	11	49	e
101	11	50	s
101	11	51	 
101	11	52	i
101	11	53	t
101	11	54	s
101	11	55	e
101	11	56	l
101	11	57	f
101	11	58	 
101	11	59	a
101	11	60	s
101	11	61	 
101	11	62	a
101	11	63	 
101	11	64	u
101	11	65	n
101	11	66	i
101	11	67	t
101	11	68	y
101	12	1	w
101	12	2	h
101	12	3	o
101	12	4	s
101	12	5	e
101	12	6	 
101	12	7	i
101	12	8	d
101	12	9	e
101	12	10	n
101	12	11	t
101	12	12	i
101	12	13	t
101	12	14	y
101	12	15	 
101	12	16	p
101	12	17	e
101	12	18	r
101	12	19	s
101	12	20	i
101	12	21	s
101	12	22	t
101	12	23	s
101	12	24	 
101	12	25	t
101	12	26	h
101	12	27	r
101	12	28	o
101	12	29	u
101	12	30	g
101	12	31	h
101	12	32	o
101	12	33	u
101	12	34	t
101	12	35	 
101	12	36	t
101	12	37	h
101	12	38	e
101	12	39	 
101	12	40	p
101	12	41	a
101	12	42	s
101	12	43	s
101	12	44	a
101	12	45	g
101	12	46	e
101	12	47	 
101	12	48	o
101	12	49	f
101	12	50	 
101	12	51	t
101	12	52	i
101	12	53	m
101	12	54	e
101	12	55	.
101	12	56	 
101	12	57	O
101	12	58	n
101	12	59	l
101	12	60	y
101	12	61	 
101	12	62	t
101	12	63	h
101	12	64	i
101	12	65	s
101	13	1	e
101	13	2	x
101	13	3	i
101	13	4	s
101	13	5	t
101	13	6	e
101	13	7	n
101	13	8	t
101	13	9	i
101	13	10	a
101	13	11	l
101	13	12	 
101	13	13	p
101	13	14	r
101	13	15	o
101	13	16	c
101	13	17	e
101	13	18	s
101	13	19	s
101	13	20	 
101	13	21	m
101	13	22	a
101	13	23	k
101	13	24	e
101	13	25	s
101	13	26	 
101	13	27	i
101	13	28	t
101	13	29	 
101	13	30	p
101	13	31	o
101	13	32	s
101	13	33	s
101	13	34	i
101	13	35	b
101	13	36	l
101	13	37	e
101	13	38	 
101	13	39	t
101	13	40	o
101	13	41	 
101	13	42	u
101	13	43	n
101	13	44	d
101	13	45	e
101	13	46	r
101	13	47	s
101	13	48	t
101	13	49	a
101	13	50	n
101	13	51	d
101	13	52	 
101	13	53	t
101	13	54	h
101	13	55	e
101	13	56	 
101	13	57	i
101	13	58	d
101	13	59	e
101	13	60	n
101	13	61	t
101	13	62	i
101	13	63	f
101	13	64	i
101	13	65	c
101	13	66	a
101	13	67	t
101	13	68	i
101	13	69	o
101	13	70	n
101	14	1	t
101	14	2	h
101	14	3	a
101	14	4	t
101	14	5	 
101	14	6	h
101	14	7	a
101	14	8	s
101	14	9	 
101	14	10	s
101	14	11	u
101	14	12	r
101	14	13	v
101	14	14	i
101	14	15	v
101	14	16	e
101	14	17	d
101	14	18	 
101	14	19	t
101	14	20	o
101	14	21	 
101	14	22	t
101	14	23	h
101	14	24	i
101	14	25	s
101	14	26	 
101	14	27	d
101	14	28	a
101	14	29	y
101	14	30	 
101	14	31	a
101	14	32	m
101	14	33	o
101	14	34	n
101	14	35	g
101	14	36	 
101	14	37	t
101	14	38	h
101	14	39	e
101	14	40	 
101	14	41	c
101	14	42	l
101	14	43	a
101	14	44	n
101	14	45	,
101	14	46	 
101	14	47	t
101	14	48	h
101	14	49	e
101	14	50	 
101	14	51	g
101	14	52	e
101	14	53	n
101	14	54	s
101	14	55	,
101	14	56	 
101	14	57	t
101	14	58	h
101	14	59	e
101	14	60	 
101	14	61	f
101	14	62	a
101	14	63	m
101	14	64	i
101	14	65	l
101	14	66	y
101	14	67	,
101	14	68	 
101	14	69	a
101	14	70	n
101	14	71	d
101	15	1	p
101	15	2	r
101	15	3	o
101	15	4	p
101	15	5	e
101	15	6	r
101	15	7	t
101	15	8	y
101	15	9	.
101	15	10	 
101	15	11	I
101	15	12	n
101	15	13	 
101	15	14	t
101	15	15	h
101	15	16	e
101	15	17	 
101	15	18	t
101	15	19	h
101	15	20	i
101	15	21	n
101	15	22	k
101	15	23	i
101	15	24	n
101	15	25	g
101	15	26	 
101	15	27	o
101	15	28	f
101	15	29	 
101	15	30	n
101	15	31	o
101	15	32	m
101	15	33	a
101	15	34	d
101	15	35	i
101	15	36	c
101	15	37	 
101	15	38	t
101	15	39	r
101	15	40	i
101	15	41	b
101	15	42	e
101	15	43	s
101	15	44	,
101	15	45	 
101	15	46	o
101	15	47	n
101	15	48	l
101	15	49	y
101	15	50	 
101	15	51	t
101	15	52	h
101	15	53	e
101	15	54	 
101	15	55	m
101	15	56	o
101	15	57	m
101	15	58	e
101	15	59	n
101	15	60	t
101	15	61	 
101	15	62	e
101	15	63	x
101	15	64	i
101	15	65	s
101	15	66	t
101	15	67	s
101	15	68	;
101	16	1	t
101	16	2	h
101	16	3	e
101	16	4	 
101	16	5	a
101	16	6	g
101	16	7	r
101	16	8	i
101	16	9	c
101	16	10	u
101	16	11	l
101	16	12	t
101	16	13	u
101	16	14	r
101	16	15	a
101	16	16	l
101	16	17	 
101	16	18	c
101	16	19	o
101	16	20	m
101	16	21	m
101	16	22	u
101	16	23	n
101	16	24	i
101	16	25	t
101	16	26	y
101	16	27	 
101	16	28	r
101	16	29	e
101	16	30	p
101	16	31	l
101	16	32	a
101	16	33	c
101	16	34	e
101	16	35	s
101	16	36	 
101	16	37	t
101	16	38	h
101	16	39	i
101	16	40	s
101	16	41	 
101	16	42	t
101	16	43	h
101	16	44	i
101	16	45	n
101	16	46	k
101	16	47	i
101	16	48	n
101	16	49	g
101	16	50	 
101	16	51	w
101	16	52	i
101	16	53	t
101	16	54	h
101	16	55	 
101	16	56	t
101	16	57	h
101	16	58	e
101	16	59	 
101	16	60	c
101	16	61	o
101	16	62	n
101	16	63	c
101	16	64	e
101	16	65	p
101	16	66	t
101	16	67	 
101	16	68	o
101	16	69	f
101	16	70	 
101	16	71	a
101	17	1	l
101	17	2	i
101	17	3	f
101	17	4	e
101	17	5	 
101	17	6	r
101	17	7	o
101	17	8	o
101	17	9	t
101	17	10	e
101	17	11	d
101	17	12	 
101	17	13	i
101	17	14	n
101	17	15	 
101	17	16	t
101	17	17	h
101	17	18	e
101	17	19	 
101	17	20	p
101	17	21	a
101	17	22	s
101	17	23	t
101	17	24	 
101	17	25	a
101	17	26	n
101	17	27	d
101	17	28	 
101	17	29	i
101	17	30	n
101	17	31	c
101	17	32	o
101	17	33	r
101	17	34	p
101	17	35	o
101	17	36	r
101	17	37	a
101	17	38	t
101	17	39	i
101	17	40	n
101	17	41	g
101	17	42	 
101	17	43	t
101	17	44	h
101	17	45	e
101	17	46	 
101	17	47	f
101	17	48	u
101	17	49	t
101	17	50	u
101	17	51	r
101	17	52	e
101	17	53	:
101	17	54	 
101	17	55	t
101	17	56	h
101	17	57	e
101	17	58	 
101	17	59	t
101	17	60	o
101	17	61	t
101	17	62	e
101	17	63	m
101	17	64	 
101	17	65	a
101	17	66	n
101	17	67	c
101	17	68	e
101	17	69	s
101	17	70	t
101	17	71	o
101	17	72	r
101	18	1	w
101	18	2	h
101	18	3	o
101	18	4	 
101	18	5	g
101	18	6	i
101	18	7	v
101	18	8	e
101	18	9	s
101	18	10	 
101	18	11	h
101	18	12	i
101	18	13	s
101	18	14	 
101	18	15	n
101	18	16	a
101	18	17	m
101	18	18	e
101	18	19	 
101	18	20	t
101	18	21	o
101	18	22	 
101	18	23	t
101	18	24	h
101	18	25	e
101	18	26	 
101	18	27	c
101	18	28	l
101	18	29	a
101	18	30	n
101	18	31	 
101	18	32	m
101	18	33	e
101	18	34	m
101	18	35	b
101	18	36	e
101	18	37	r
101	18	38	s
101	18	39	 
101	18	40	i
101	18	41	s
101	18	42	 
101	18	43	v
101	18	44	e
101	18	45	n
101	18	46	e
101	18	47	r
101	18	48	a
101	18	49	t
101	18	50	e
101	18	51	d
101	18	52	;
101	18	53	 
101	18	54	a
101	18	55	n
101	18	56	d
101	18	57	 
101	18	58	t
101	18	59	h
101	18	60	e
101	18	61	 
101	18	62	c
101	18	63	l
101	18	64	a
101	18	65	n
101	19	1	t
101	19	2	a
101	19	3	k
101	19	4	e
101	19	5	s
101	19	6	 
101	19	7	a
101	19	8	n
101	19	9	 
101	19	10	a
101	19	11	b
101	19	12	i
101	19	13	d
101	19	14	i
101	19	15	n
101	19	16	g
101	19	17	 
101	19	18	i
101	19	19	n
101	19	20	t
101	19	21	e
101	19	22	r
101	19	23	e
101	19	24	s
101	19	25	t
101	19	26	 
101	19	27	i
101	19	28	n
101	19	29	 
101	19	30	i
101	19	31	t
101	19	32	s
101	19	33	 
101	19	34	d
101	19	35	e
101	19	36	s
101	19	37	c
101	19	38	e
101	19	39	n
101	19	40	d
101	19	41	a
101	19	42	n
101	19	43	t
101	19	44	s
101	19	45	:
101	19	46	 
101	19	47	i
101	19	48	t
101	19	49	 
101	19	50	w
101	19	51	i
101	19	52	l
101	19	53	l
101	19	54	 
101	19	55	s
101	19	56	u
101	19	57	r
101	19	58	v
101	19	59	i
101	19	60	v
101	19	61	e
101	19	62	 
101	19	63	t
101	19	64	h
101	19	65	r
101	19	66	o
101	19	67	u
101	19	68	g
101	19	69	h
101	19	70	 
101	19	71	t
101	19	72	h
101	19	73	e
101	20	1	l
101	20	2	a
101	20	3	n
101	20	4	d
101	20	5	 
101	20	6	t
101	20	7	h
101	20	8	a
101	20	9	t
101	20	10	 
101	20	11	h
101	20	12	e
101	20	13	 
101	20	14	b
101	20	15	e
101	20	16	q
101	20	17	u
101	20	18	e
101	20	19	a
101	20	20	t
101	20	21	h
101	20	22	s
101	20	23	 
101	20	24	t
101	20	25	o
101	20	26	 
101	20	27	t
101	20	28	h
101	20	29	e
101	20	30	m
101	20	31	 
101	20	32	a
101	20	33	n
101	20	34	d
101	20	35	 
101	20	36	t
101	20	37	h
101	20	38	a
101	20	39	t
101	20	40	 
101	20	41	t
101	20	42	h
101	20	43	e
101	20	44	y
101	20	45	 
101	20	46	w
101	20	47	i
101	20	48	l
101	20	49	l
101	20	50	 
101	20	51	e
101	20	52	x
101	20	53	p
101	20	54	l
101	20	55	o
101	20	56	i
101	20	57	t
101	20	58	.
101	20	59	 
101	20	60	T
101	20	61	h
101	20	62	e
101	21	1	c
101	21	2	o
101	21	3	m
101	21	4	m
101	21	5	u
101	21	6	n
101	21	7	i
101	21	8	t
101	21	9	y
101	21	10	 
101	21	11	c
101	21	12	o
101	21	13	n
101	21	14	c
101	21	15	e
101	21	16	i
101	21	17	v
101	21	18	e
101	21	19	s
101	21	20	 
101	21	21	o
101	21	22	f
101	21	23	 
101	21	24	i
101	21	25	t
101	21	26	s
101	21	27	 
101	21	28	u
101	21	29	n
101	21	30	i
101	21	31	t
101	21	32	y
101	21	33	 
101	21	34	a
101	21	35	n
101	21	36	d
101	21	37	 
101	21	38	w
101	21	39	i
101	21	40	l
101	21	41	l
101	21	42	s
101	21	43	 
101	21	44	i
101	21	45	t
101	21	46	s
101	21	47	 
101	21	48	e
101	21	49	x
101	21	50	i
101	21	51	s
101	21	52	t
101	21	53	e
101	21	54	n
101	21	55	c
101	21	56	e
101	21	57	 
101	21	58	b
101	21	59	e
101	21	60	y
101	21	61	o
101	21	62	n
101	21	63	d
101	21	64	 
101	21	65	t
101	21	66	h
101	21	67	e
101	22	1	p
101	22	2	r
101	22	3	e
101	22	4	s
101	22	5	e
101	22	6	n
101	22	7	t
101	22	8	:
101	22	9	 
101	22	10	i
101	22	11	t
101	22	12	 
101	22	13	s
101	22	14	e
101	22	15	e
101	22	16	s
101	22	17	 
101	22	18	i
101	22	19	t
101	22	20	s
101	22	21	e
101	22	22	l
101	22	23	f
101	22	24	 
101	22	25	i
101	22	26	n
101	22	27	 
101	22	28	i
101	22	29	t
101	22	30	s
101	22	31	 
101	22	32	c
101	22	33	h
101	22	34	i
101	22	35	l
101	22	36	d
101	22	37	r
101	22	38	e
101	22	39	n
101	22	40	,
101	22	41	 
101	22	42	i
101	22	43	t
101	22	44	 
101	22	45	r
101	22	46	e
101	22	47	c
101	22	48	o
101	22	49	g
101	22	50	n
101	22	51	i
101	22	52	z
101	22	53	e
101	22	54	s
101	22	55	 
101	22	56	t
101	22	57	h
101	22	58	e
101	22	59	m
101	22	60	 
101	22	61	a
101	22	62	s
101	22	63	 
101	22	64	i
101	22	65	t
101	22	66	s
101	22	67	 
101	22	68	o
101	22	69	w
101	22	70	n
101	22	71	,
101	22	72	 
101	22	73	a
101	22	74	n
101	22	75	d
101	23	1	i
101	23	2	t
101	23	3	 
101	23	4	a
101	23	5	c
101	23	6	c
101	23	7	o
101	23	8	m
101	23	9	p
101	23	10	l
101	23	11	i
101	23	12	s
101	23	13	h
101	23	14	e
101	23	15	s
101	23	16	 
101	23	17	a
101	23	18	n
101	23	19	d
101	23	20	 
101	23	21	s
101	23	22	u
101	23	23	r
101	23	24	p
101	23	25	a
101	23	26	s
101	23	27	s
101	23	28	e
101	23	29	s
101	23	30	 
101	23	31	i
101	23	32	t
101	23	33	s
101	23	34	e
101	23	35	l
101	23	36	f
101	23	37	 
101	23	38	t
101	23	39	h
101	23	40	r
101	23	41	o
101	23	42	u
101	23	43	g
101	23	44	h
101	23	45	 
101	23	46	t
101	23	47	h
101	23	48	e
101	23	49	m
101	23	50	.
101	24	1	B
101	24	2	u
101	24	3	t
101	24	4	 
101	24	5	m
101	24	6	a
101	24	7	n
101	24	8	y
101	24	9	 
101	24	10	p
101	24	11	r
101	24	12	i
101	24	13	m
101	24	14	i
101	24	15	t
101	24	16	i
101	24	17	v
101	24	18	e
101	24	19	s
101	24	20	 
101	24	21	a
101	24	22	r
101	24	23	e
101	24	24	 
101	24	25	u
101	24	26	n
101	24	27	a
101	24	28	w
101	24	29	a
101	24	30	r
101	24	31	e
101	24	32	 
101	24	33	o
101	24	34	f
101	24	35	 
101	24	36	t
101	24	37	h
101	24	38	e
101	24	39	 
101	24	40	f
101	24	41	a
101	24	42	t
101	24	43	h
101	24	44	e
101	24	45	r
101	24	46	'
101	24	47	s
101	24	48	 
101	24	49	r
101	24	50	o
101	24	51	l
101	24	52	e
101	24	53	 
101	24	54	i
101	24	55	n
101	24	56	 
101	24	57	t
101	24	58	h
101	24	59	e
101	25	1	p
101	25	2	r
101	25	3	o
101	25	4	c
101	25	5	r
101	25	6	e
101	25	7	a
101	25	8	t
101	25	9	i
101	25	10	o
101	25	11	n
101	25	12	 
101	25	13	o
101	25	14	f
101	25	15	 
101	25	16	c
101	25	17	h
101	25	18	i
101	25	19	l
101	25	20	d
101	25	21	r
101	25	22	e
101	25	23	n
101	25	24	,
101	25	25	 
101	25	26	w
101	25	27	h
101	25	28	o
101	25	29	 
101	25	30	a
101	25	31	r
101	25	32	e
101	25	33	 
101	25	34	t
101	25	35	h
101	25	36	o
101	25	37	u
101	25	38	g
101	25	39	h
101	25	40	t
101	25	41	 
101	25	42	t
101	25	43	o
101	25	44	 
101	25	45	b
101	25	46	e
101	25	47	 
101	25	48	t
101	25	49	h
101	25	50	e
101	25	51	 
101	25	52	r
101	25	53	e
101	25	54	i
101	25	55	n
101	25	56	c
101	25	57	a
101	25	58	r
101	25	59	n
101	25	60	a
101	25	61	t
101	25	62	i
101	25	63	o
101	25	64	n
101	25	65	 
101	25	66	o
101	25	67	f
101	26	1	a
101	26	2	n
101	26	3	c
101	26	4	e
101	26	5	s
101	26	6	t
101	26	7	r
101	26	8	a
101	26	9	l
101	26	10	 
101	26	11	l
101	26	12	a
101	26	13	r
101	26	14	v
101	26	15	a
101	26	16	e
101	26	17	 
101	26	18	f
101	26	19	l
101	26	20	o
101	26	21	a
101	26	22	t
101	26	23	i
101	26	24	n
101	26	25	g
101	26	26	 
101	26	27	a
101	26	28	r
101	26	29	o
101	26	30	u
101	26	31	n
101	26	32	d
101	26	33	 
101	26	34	c
101	26	35	e
101	26	36	r
101	26	37	t
101	26	38	a
101	26	39	i
101	26	40	n
101	26	41	 
101	26	42	t
101	26	43	r
101	26	44	e
101	26	45	e
101	26	46	s
101	26	47	,
101	26	48	 
101	26	49	c
101	26	50	e
101	26	51	r
101	26	52	t
101	26	53	a
101	26	54	i
101	26	55	n
101	26	56	 
101	26	57	r
101	26	58	o
101	26	59	c
101	26	60	k
101	26	61	s
101	26	62	,
101	26	63	 
101	26	64	i
101	26	65	n
101	26	66	 
101	26	67	c
101	26	68	e
101	26	69	r
101	26	70	t
101	26	71	a
101	26	72	i
101	26	73	n
101	27	1	s
101	27	2	a
101	27	3	c
101	27	4	r
101	27	5	e
101	27	6	d
101	27	7	 
101	27	8	p
101	27	9	l
101	27	10	a
101	27	11	c
101	27	12	e
101	27	13	s
101	27	14	,
101	27	15	 
101	27	16	a
101	27	17	n
101	27	18	d
101	27	19	 
101	27	20	d
101	27	21	e
101	27	22	s
101	27	23	c
101	27	24	e
101	27	25	n
101	27	26	d
101	27	27	i
101	27	28	n
101	27	29	g
101	27	30	 
101	27	31	i
101	27	32	n
101	27	33	t
101	27	34	o
101	27	35	 
101	27	36	t
101	27	37	h
101	27	38	e
101	27	39	 
101	27	40	w
101	27	41	o
101	27	42	m
101	27	43	a
101	27	44	n
101	27	45	'
101	27	46	s
101	27	47	 
101	27	48	b
101	27	49	o
101	27	50	d
101	27	51	y
101	27	52	;
101	27	53	 
101	27	54	i
101	27	55	n
101	27	56	 
101	27	57	s
101	27	58	o
101	27	59	m
101	27	60	e
101	27	61	 
101	27	62	c
101	27	63	a
101	27	64	s
101	27	65	e
101	27	66	s
101	27	67	,
101	28	1	t
101	28	2	h
101	28	3	e
101	28	4	y
101	28	5	 
101	28	6	b
101	28	7	e
101	28	8	l
101	28	9	i
101	28	10	e
101	28	11	v
101	28	12	e
101	28	13	 
101	28	14	s
101	28	15	h
101	28	16	e
101	28	17	 
101	28	18	m
101	28	19	u
101	28	20	s
101	28	21	t
101	28	22	 
101	28	23	n
101	28	24	o
101	28	25	t
101	28	26	 
101	28	27	b
101	28	28	e
101	28	29	 
101	28	30	a
101	28	31	 
101	28	32	v
101	28	33	i
101	28	34	r
101	28	35	g
101	28	36	i
101	28	37	n
101	28	38	 
101	28	39	i
101	28	40	f
101	28	41	 
101	28	42	t
101	28	43	h
101	28	44	i
101	28	45	s
101	28	46	 
101	28	47	i
101	28	48	n
101	28	49	f
101	28	50	i
101	28	51	l
101	28	52	t
101	28	53	r
101	28	54	a
101	28	55	t
101	28	56	i
101	28	57	o
101	28	58	n
101	28	59	 
101	28	60	i
101	28	61	s
101	28	62	 
101	28	63	t
101	28	64	o
101	28	65	 
101	28	66	t
101	28	67	a
101	28	68	k
101	28	69	e
101	28	70	 
101	28	71	p
101	28	72	l
101	28	73	a
101	28	74	c
101	28	75	e
101	28	76	;
101	29	1	b
101	29	2	u
101	29	3	t
101	29	4	 
101	29	5	o
101	29	6	t
101	29	7	h
101	29	8	e
101	29	9	r
101	29	10	 
101	29	11	p
101	29	12	e
101	29	13	o
101	29	14	p
101	29	15	l
101	29	16	e
101	29	17	s
101	29	18	 
101	29	19	b
101	29	20	e
101	29	21	l
101	29	22	i
101	29	23	e
101	29	24	v
101	29	25	e
101	29	26	 
101	29	27	t
101	29	28	h
101	29	29	a
101	29	30	t
101	29	31	 
101	29	32	i
101	29	33	t
101	29	34	 
101	29	35	a
101	29	36	l
101	29	37	s
101	29	38	o
101	29	39	 
101	29	40	t
101	29	41	a
101	29	42	k
101	29	43	e
101	29	44	s
101	29	45	 
101	29	46	p
101	29	47	l
101	29	48	a
101	29	49	c
101	29	50	e
101	29	51	 
101	29	52	t
101	29	53	h
101	29	54	r
101	29	55	o
101	29	56	u
101	29	57	g
101	29	58	h
101	29	59	 
101	29	60	t
101	29	61	h
101	29	62	e
101	29	63	 
101	29	64	n
101	29	65	o
101	29	66	s
101	29	67	t
101	29	68	r
101	29	69	i
101	29	70	l
101	29	71	s
101	29	72	 
101	29	73	o
101	29	74	r
101	30	1	m
101	30	2	o
101	30	3	u
101	30	4	t
101	30	5	h
101	30	6	;
101	30	7	 
101	30	8	a
101	30	9	t
101	30	10	 
101	30	11	a
101	30	12	n
101	30	13	y
101	30	14	 
101	30	15	r
101	30	16	a
101	30	17	t
101	30	18	e
101	30	19	,
101	30	20	 
101	30	21	d
101	30	22	e
101	30	23	f
101	30	24	l
101	30	25	o
101	30	26	r
101	30	27	a
101	30	28	t
101	30	29	i
101	30	30	o
101	30	31	n
101	30	32	 
101	30	33	i
101	30	34	s
101	30	35	 
101	30	36	s
101	30	37	e
101	30	38	c
101	30	39	o
101	30	40	n
101	30	41	d
101	30	42	a
101	30	43	r
101	30	44	y
101	30	45	 
101	30	46	h
101	30	47	e
101	30	48	r
101	30	49	e
101	30	50	,
101	30	51	 
101	30	52	a
101	30	53	n
101	30	54	d
101	30	55	 
101	30	56	f
101	30	57	o
101	30	58	r
101	30	59	 
101	30	60	m
101	30	61	y
101	30	62	s
101	30	63	t
101	30	64	i
101	30	65	c
101	30	66	a
101	30	67	l
101	31	1	r
101	31	2	e
101	31	3	a
101	31	4	s
101	31	5	o
101	31	6	n
101	31	7	s
101	31	8	 
101	31	9	t
101	31	10	h
101	31	11	e
101	31	12	 
101	31	13	p
101	31	14	r
101	31	15	e
101	31	16	r
101	31	17	o
101	31	18	g
101	31	19	a
101	31	20	t
101	31	21	i
101	31	22	v
101	31	23	e
101	31	24	 
101	31	25	i
101	31	26	s
101	31	27	 
101	31	28	r
101	31	29	a
101	31	30	r
101	31	31	e
101	31	32	l
101	31	33	y
101	31	34	 
101	31	35	t
101	31	36	h
101	31	37	e
101	31	38	 
101	31	39	h
101	31	40	u
101	31	41	s
101	31	42	b
101	31	43	a
101	31	44	n
101	31	45	d
101	31	46	'
101	31	47	s
101	31	48	.
101	31	49	 
101	31	50	T
101	31	51	h
101	31	52	e
101	31	53	 
101	31	54	m
101	31	55	o
101	31	56	t
101	31	57	h
101	31	58	e
101	31	59	r
101	31	60	 
101	31	61	i
101	31	62	s
101	31	63	 
101	31	64	c
101	31	65	l
101	31	66	e
101	31	67	a
101	31	68	r
101	31	69	l
101	31	70	y
101	32	1	n
101	32	2	e
101	32	3	c
101	32	4	e
101	32	5	s
101	32	6	s
101	32	7	a
101	32	8	r
101	32	9	y
101	32	10	 
101	32	11	f
101	32	12	o
101	32	13	r
101	32	14	 
101	32	15	t
101	32	16	h
101	32	17	e
101	32	18	 
101	32	19	b
101	32	20	i
101	32	21	r
101	32	22	t
101	32	23	h
101	32	24	 
101	32	25	o
101	32	26	f
101	32	27	 
101	32	28	t
101	32	29	h
101	32	30	e
101	32	31	 
101	32	32	c
101	32	33	h
101	32	34	i
101	32	35	l
101	32	36	d
101	32	37	;
101	32	38	 
101	32	39	s
101	32	40	h
101	32	41	e
101	32	42	 
101	32	43	i
101	32	44	s
101	32	45	 
101	32	46	t
101	32	47	h
101	32	48	e
101	32	49	 
101	32	50	o
101	32	51	n
101	32	52	e
101	32	53	 
101	32	54	w
101	32	55	h
101	32	56	o
101	32	57	 
101	32	58	k
101	32	59	e
101	32	60	e
101	32	61	p
101	32	62	s
101	32	63	 
101	32	64	a
101	32	65	n
101	32	66	d
101	33	1	n
101	33	2	o
101	33	3	u
101	33	4	r
101	33	5	i
101	33	6	s
101	33	7	h
101	33	8	e
101	33	9	s
101	33	10	 
101	33	11	t
101	33	12	h
101	33	13	e
101	33	14	 
101	33	15	g
101	33	16	e
101	33	17	r
101	33	18	m
101	33	19	 
101	33	20	w
101	33	21	i
101	33	22	t
101	33	23	h
101	33	24	i
101	33	25	n
101	33	26	 
101	33	27	h
101	33	28	e
101	33	29	r
101	33	30	,
101	33	31	 
101	33	32	a
101	33	33	n
101	33	34	d
101	33	35	 
101	33	36	s
101	33	37	o
101	33	38	 
101	33	39	t
101	33	40	h
101	33	41	e
101	33	42	 
101	33	43	l
101	33	44	i
101	33	45	f
101	33	46	e
101	33	47	 
101	33	48	o
101	33	49	f
101	33	50	 
101	33	51	t
101	33	52	h
101	33	53	e
101	33	54	 
101	33	55	c
101	33	56	l
101	33	57	a
101	33	58	n
101	33	59	 
101	33	60	i
101	33	61	s
101	33	62	 
101	33	63	p
101	33	64	r
101	33	65	o
101	33	66	p
101	33	67	a
101	33	68	g
101	33	69	a
101	33	70	t
101	33	71	e
101	33	72	d
101	34	1	i
101	34	2	n
101	34	3	 
101	34	4	t
101	34	5	h
101	34	6	e
101	34	7	 
101	34	8	v
101	34	9	i
101	34	10	s
101	34	11	i
101	34	12	b
101	34	13	l
101	34	14	e
101	34	15	 
101	34	16	w
101	34	17	o
101	34	18	r
101	34	19	l
101	34	20	d
101	34	21	 
101	34	22	t
101	34	23	h
101	34	24	r
101	34	25	o
101	34	26	u
101	34	27	g
101	34	28	h
101	34	29	 
101	34	30	h
101	34	31	e
101	34	32	r
101	34	33	.
101	34	34	 
101	34	35	T
101	34	36	h
101	34	37	i
101	34	38	s
101	34	39	 
101	34	40	i
101	34	41	s
101	34	42	 
101	34	43	h
101	34	44	o
101	34	45	w
101	34	46	 
101	34	47	s
101	34	48	h
101	34	49	e
101	34	50	 
101	34	51	f
101	34	52	i
101	34	53	n
101	34	54	d
101	34	55	s
101	34	56	 
101	34	57	h
101	34	58	e
101	34	59	r
101	34	60	s
101	34	61	e
101	34	62	l
101	34	63	f
101	34	64	 
101	34	65	p
101	34	66	l
101	34	67	a
101	34	68	y
101	34	69	i
101	34	70	n
101	34	71	g
101	35	1	t
101	35	2	h
101	35	3	e
101	35	4	 
101	35	5	p
101	35	6	r
101	35	7	i
101	35	8	n
101	35	9	c
101	35	10	i
101	35	11	p
101	35	12	a
101	35	13	l
101	35	14	 
101	35	15	r
101	35	16	o
101	35	17	l
101	35	18	e
101	35	19	.
101	35	20	 
101	35	21	V
101	35	22	e
101	35	23	r
101	35	24	y
101	35	25	 
101	35	26	o
101	35	27	f
101	35	28	t
101	35	29	e
101	35	30	n
101	35	31	,
101	35	32	 
101	35	33	c
101	35	34	h
101	35	35	i
101	35	36	l
101	35	37	d
101	35	38	r
101	35	39	e
101	35	40	n
101	35	41	 
101	35	42	b
101	35	43	e
101	35	44	l
101	35	45	o
101	35	46	n
101	35	47	g
101	35	48	 
101	35	49	t
101	35	50	o
101	35	51	 
101	35	52	t
101	35	53	h
101	35	54	e
101	35	55	i
101	35	56	r
101	35	57	 
101	35	58	m
101	35	59	o
101	35	60	t
101	35	61	h
101	35	62	e
101	35	63	r
101	35	64	'
101	35	65	s
101	35	66	 
101	35	67	c
101	35	68	l
101	35	69	a
101	35	70	n
101	35	71	,
101	36	1	b
101	36	2	e
101	36	3	a
101	36	4	r
101	36	5	 
101	36	6	h
101	36	7	e
101	36	8	r
101	36	9	 
101	36	10	n
101	36	11	a
101	36	12	m
101	36	13	e
101	36	14	,
101	36	15	 
101	36	16	a
101	36	17	n
101	36	18	d
101	36	19	 
101	36	20	s
101	36	21	h
101	36	22	a
101	36	23	r
101	36	24	e
101	36	25	 
101	36	26	h
101	36	27	e
101	36	28	r
101	36	29	 
101	36	30	r
101	36	31	i
101	36	32	g
101	36	33	h
101	36	34	t
101	36	35	s
101	36	36	,
101	36	37	 
101	36	38	p
101	36	39	a
101	36	40	r
101	36	41	t
101	36	42	i
101	36	43	c
101	36	44	u
101	36	45	l
101	36	46	a
101	36	47	r
101	36	48	l
101	36	49	y
101	36	50	 
101	36	51	t
101	36	52	h
101	36	53	e
101	36	54	 
101	36	55	u
101	36	56	s
101	36	57	e
101	36	58	 
101	36	59	o
101	36	60	f
101	36	61	 
101	36	62	t
101	36	63	h
101	36	64	e
101	36	65	 
101	36	66	l
101	36	67	a
101	36	68	n
101	36	69	d
101	37	1	b
101	37	2	e
101	37	3	l
101	37	4	o
101	37	5	n
101	37	6	g
101	37	7	i
101	37	8	n
101	37	9	g
101	37	10	 
101	37	11	t
101	37	12	o
101	37	13	 
101	37	14	t
101	37	15	h
101	37	16	e
101	37	17	 
101	37	18	c
101	37	19	l
101	37	20	a
101	37	21	n
101	37	22	.
101	37	23	 
101	37	24	S
101	37	25	o
101	37	26	 
101	37	27	c
101	37	28	o
101	37	29	m
101	37	30	m
101	37	31	u
101	37	32	n
101	37	33	a
101	37	34	l
101	37	35	 
101	37	36	p
101	37	37	r
101	37	38	o
101	37	39	p
101	37	40	e
101	37	41	r
101	37	42	t
101	37	43	y
101	37	44	 
101	37	45	i
101	37	46	s
101	37	47	 
101	37	48	t
101	37	49	r
101	37	50	a
101	37	51	n
101	37	52	s
101	37	53	m
101	37	54	i
101	37	55	t
101	37	56	t
101	37	57	e
101	37	58	d
101	37	59	 
101	37	60	t
101	37	61	h
101	37	62	r
101	37	63	o
101	37	64	u
101	37	65	g
101	37	66	h
101	38	1	w
101	38	2	o
101	38	3	m
101	38	4	e
101	38	5	n
101	38	6	:
101	38	7	 
101	38	8	t
101	38	9	h
101	38	10	r
101	38	11	o
101	38	12	u
101	38	13	g
101	38	14	h
101	38	15	 
101	38	16	t
101	38	17	h
101	38	18	e
101	38	19	m
101	38	20	 
101	38	21	t
101	38	22	h
101	38	23	e
101	38	24	 
101	38	25	f
101	38	26	i
101	38	27	e
101	38	28	l
101	38	29	d
101	38	30	s
101	38	31	 
101	38	32	a
101	38	33	n
101	38	34	d
101	38	35	 
101	38	36	t
101	38	37	h
101	38	38	e
101	38	39	i
101	38	40	r
101	38	41	 
101	38	42	h
101	38	43	a
101	38	44	r
101	38	45	v
101	38	46	e
101	38	47	s
101	38	48	t
101	38	49	s
101	38	50	 
101	38	51	a
101	38	52	r
101	38	53	e
101	38	54	 
101	38	55	r
101	38	56	e
101	38	57	s
101	38	58	e
101	38	59	r
101	38	60	v
101	38	61	e
101	38	62	d
101	38	63	 
101	38	64	t
101	38	65	o
102	1	1	m
102	1	2	e
102	1	3	m
102	1	4	b
102	1	5	e
102	1	6	r
102	1	7	s
102	1	8	 
102	1	9	o
102	1	10	f
102	1	11	 
102	1	12	t
102	1	13	h
102	1	14	e
102	1	15	 
102	1	16	c
102	1	17	l
102	1	18	a
102	1	19	n
102	1	20	,
102	1	21	 
102	1	22	a
102	1	23	n
102	1	24	d
102	1	25	 
102	1	26	i
102	1	27	n
102	1	28	v
102	1	29	e
102	1	30	r
102	1	31	s
102	1	32	e
102	1	33	l
102	1	34	y
102	1	35	 
102	1	36	i
102	1	37	t
102	1	38	 
102	1	39	i
102	1	40	s
102	1	41	 
102	1	42	t
102	1	43	h
102	1	44	r
102	1	45	o
102	1	46	u
102	1	47	g
102	1	48	h
102	1	49	 
102	1	50	t
102	1	51	h
102	1	52	e
102	1	53	i
102	1	54	r
102	1	55	 
102	1	56	m
102	1	57	o
102	1	58	t
102	1	59	h
102	1	60	e
102	1	61	r
102	1	62	s
102	1	63	 
102	1	64	t
102	1	65	h
102	1	66	a
102	1	67	t
102	2	1	m
102	2	2	e
102	2	3	m
102	2	4	b
102	2	5	e
102	2	6	r
102	2	7	s
102	2	8	 
102	2	9	a
102	2	10	r
102	2	11	e
102	2	12	 
102	2	13	d
102	2	14	e
102	2	15	s
102	2	16	t
102	2	17	i
102	2	18	n
102	2	19	e
102	2	20	d
102	2	21	 
102	2	22	t
102	2	23	o
102	2	24	 
102	2	25	a
102	2	26	 
102	2	27	g
102	2	28	i
102	2	29	v
102	2	30	e
102	2	31	n
102	2	32	 
102	2	33	p
102	2	34	i
102	2	35	e
102	2	36	c
102	2	37	e
102	2	38	 
102	2	39	o
102	2	40	f
102	2	41	 
102	2	42	l
102	2	43	a
102	2	44	n
102	2	45	d
102	2	46	.
102	2	47	 
102	2	48	T
102	2	49	h
102	2	50	e
102	2	51	 
102	2	52	l
102	2	53	a
102	2	54	n
102	2	55	d
102	2	56	 
102	2	57	c
102	2	58	a
102	2	59	n
102	2	60	 
102	2	61	t
102	2	62	h
102	2	63	u
102	2	64	s
102	2	65	 
102	2	66	b
102	2	67	e
102	3	1	c
102	3	2	o
102	3	3	n
102	3	4	s
102	3	5	i
102	3	6	d
102	3	7	e
102	3	8	r
102	3	9	e
102	3	10	d
102	3	11	 
102	3	12	a
102	3	13	s
102	3	14	 
102	3	15	m
102	3	16	y
102	3	17	s
102	3	18	t
102	3	19	i
102	3	20	c
102	3	21	a
102	3	22	l
102	3	23	l
102	3	24	y
102	3	25	 
102	3	26	b
102	3	27	e
102	3	28	l
102	3	29	o
102	3	30	n
102	3	31	g
102	3	32	i
102	3	33	n
102	3	34	g
102	3	35	 
102	3	36	t
102	3	37	o
102	3	38	 
102	3	39	w
102	3	40	o
102	3	41	m
102	3	42	e
102	3	43	n
102	3	44	:
102	3	45	 
102	3	46	t
102	3	47	h
102	3	48	e
102	3	49	i
102	3	50	r
102	3	51	 
102	3	52	h
102	3	53	o
102	3	54	l
102	3	55	d
102	3	56	 
102	3	57	o
102	3	58	n
102	3	59	 
102	3	60	t
102	3	61	h
102	3	62	e
102	3	63	 
102	3	64	s
102	3	65	o
102	3	66	i
102	3	67	l
102	4	1	a
102	4	2	n
102	4	3	d
102	4	4	 
102	4	5	i
102	4	6	t
102	4	7	s
102	4	8	 
102	4	9	f
102	4	10	r
102	4	11	u
102	4	12	i
102	4	13	t
102	4	14	s
102	4	15	 
102	4	16	i
102	4	17	s
102	4	18	 
102	4	19	b
102	4	20	o
102	4	21	t
102	4	22	h
102	4	23	 
102	4	24	r
102	4	25	e
102	4	26	l
102	4	27	i
102	4	28	g
102	4	29	i
102	4	30	o
102	4	31	u
102	4	32	s
102	4	33	 
102	4	34	a
102	4	35	n
102	4	36	d
102	4	37	 
102	4	38	l
102	4	39	e